0.235065
0.224375
0.225794
0.230179
0.229444
0.230018
0.224784
0.220864
0.222796
0.223151
0.223842
0.222701
0.225093
0.22054
0.220284
0.220797
0.222029
0.221151
0.220828
0.223981
0.223516
0.220199
0.219811
0.221748
0.222746
0.222192
0.219649
0.223008
0.221806
0.219303
0.219965
0.220589
0.22441
0.223296
0.221919
0.220919
0.220669
0.221724
0.219524
0.220756
0.2233
0.222735
0.219873
0.220826
0.214712
0.213602
0.219193
0.217284
0.214151
0.216716
0.217592
0.213892
0.214053
0.21818
0.218485
0.216381
0.219445
0.218456
0.216562
0.21652
0.218407
0.220346
0.219249
0.218958
0.21708
0.216434
0.218101
0.219485
0.220123
0.217475
0.217187
0.216985
0.21893
0.21933
0.217327
0.217237
0.215643
0.215689
0.219474
0.218992
0.218321
0.216519
0.216947
0.216135
0.218888
0.215671
0.215389
0.216846
0.215656
0.214381
0.213551
0.213653
0.215023
0.215924
0.218247
0.219441
0.218663
0.215652
0.216702
0.217613
