18.0278
17.9235
18.0235
18.1371
17.9061
18.0044
17.9029
17.8715
17.8878
18.0266
17.9307
17.9407
17.993
18.0291
17.9481
17.9629
18.0436
18.3561
18.3455
18.4633
19.0421
18.2771
18.164
18.1261
18.1568
18.2038
18.0738
18.1031
18.1258
18.0622
18.1363
18.0493
18.3871
18.402
18.2583
18.1794
18.1641
18.2132
18.3819
18.4238
18.4748
18.4879
18.5469
18.4964
18.5057
18.497
18.4743
18.4788
18.5515
18.5077
18.5434
18.4697
18.4707
18.4898
18.4904
18.3778
18.3905
18.4034
18.2773
18.5536
18.4378
18.404
18.2649
18.2798
18.2439
18.2114
18.1781
18.2277
18.2001
18.2934
18.2416
18.2268
18.2638
18.2065
18.4323
18.4517
18.5268
18.5886
18.5371
18.3886
18.6629
18.4588
18.3632
18.2263
18.2064
18.2627
18.2617
18.0928
17.9517
17.9103
17.8321
17.876
17.8325
17.7952
17.8487
17.818
17.8654
17.8638
17.7955
17.8694
