0.118194
0.113593
0.110166
0.112049
0.147353
0.119621
0.113014
0.116913
0.117985
0.127749
0.127103
0.12818
0.121231
0.123157
0.129849
0.119515
0.112339
0.126301
0.118339
0.113301
0.11027
0.11053
0.116724
0.110237
0.114228
0.1165
0.114255
0.11107
0.107237
0.10876
0.106667
0.1084
0.106638
0.106798
0.106937
0.110041
0.109342
0.107053
0.110423
0.112591
0.11503
0.113181
0.114452
0.111663
0.112547
0.110631
0.111029
0.109642
0.112507
0.111421
0.108383
0.112551
0.1091
0.108423
0.108075
0.108993
0.107593
0.112494
0.115279
0.107466
0.107473
0.106501
0.108027
0.108135
0.108102
0.106933
0.108473
0.109135
0.106599
0.106837
0.106117
0.108773
0.109557
0.108005
0.108326
0.109666
0.106338
0.107293
0.106585
0.108145
0.107649
0.108831
0.105954
0.107376
0.107912
0.109421
0.112909
0.111083
0.111339
0.109616
0.108324
0.11121
0.110956
0.107608
0.11299
0.115752
0.10692
0.114973
0.107973
0.10768
