1.04577
1.05405
1.04829
1.04786
1.0419
1.05392
1.0535
1.04429
1.05015
1.03881
1.05266
1.06312
1.05384
1.04865
1.05763
1.04935
1.06157
1.05552
1.05814
1.05255
1.05649
1.05815
1.0589
1.04974
1.04955
1.05756
1.06097
1.05568
1.05769
1.05716
1.06088
1.06453
1.05419
1.06036
1.0555
1.06531
1.05863
1.05242
1.05258
1.05185
1.06342
1.05827
1.05185
1.05024
1.05724
1.05811
1.06591
1.06359
1.09459
1.09138
1.07474
1.07308
1.07279
1.06175
1.06272
1.08897
1.05622
1.06304
1.06586
1.07779
1.07891
1.06674
1.07588
1.15587
1.09507
1.0833
1.08076
1.07008
1.07405
1.07676
1.07218
1.06772
1.08523
1.07535
1.06678
1.0641
1.0747
1.0707
1.07567
1.06592
1.07269
1.07251
1.06945
1.07031
1.0722
1.08102
1.0791
1.08385
1.07114
1.0664
1.06996
1.06601
1.06952
1.06649
1.07277
1.06076
1.07259
1.0664
1.0608
1.0626
