1.71981
1.73868
1.73991
1.7421
1.7369
1.74097
1.74232
1.74267
1.76212
1.73911
1.74102
1.74384
1.73948
1.74279
1.74795
1.74112
1.74449
1.74418
1.74447
1.74456
1.74168
1.74232
1.74827
1.74117
1.74154
1.74283
1.74612
1.74498
1.74651
1.74594
1.74187
1.74005
1.7399
1.74137
1.73889
1.74303
1.74091
1.73586
1.74331
1.74262
1.74147
1.73803
1.73851
1.73486
1.73953
1.73803
1.74514
1.73464
1.73962
1.74073
1.80865
1.74618
1.74306
1.73676
1.74126
1.74001
1.73581
1.73866
1.73789
1.73994
1.73598
1.73796
1.7343
1.74441
1.73945
1.73988
1.73787
1.74004
1.73558
1.74146
1.73664
1.73876
1.73883
1.73841
1.74024
1.74092
1.7379
1.74264
1.7433
1.73476
1.74115
1.74061
1.74083
1.74061
1.73985
1.73914
1.73772
1.74063
1.74182
1.7384
1.73734
1.74281
1.74004
1.73921
1.73966
1.73443
1.73817
1.74241
1.7431
1.73668
