0.0325506
0.0227403
0.0232985
0.0238703
0.0238518
0.0252407
0.0239934
0.024527
0.023436
0.0241484
0.0225474
0.0221597
0.0221927
0.0229972
0.0223945
0.0227181
0.0243229
0.0237135
0.0234578
0.0226255
0.0348582
0.0390796
0.0389857
0.0371299
0.0291268
0.023577
0.0235464
0.023674
0.0233652
0.0230034
0.0235218
0.0237411
0.0241107
0.0236885
0.0246802
0.0242879
0.0244403
0.023571
0.0276462
0.0388122
0.0311568
0.0273926
0.0268151
0.0278658
0.026645
0.0273648
0.0278598
0.0281197
0.0270778
0.027142
0.0268577
0.027573
0.0272414
0.0275568
0.0278185
0.0275958
0.0274625
0.0277357
0.0268541
0.0265982
0.0279235
0.0282159
0.0274823
0.0270411
0.026317
0.026381
0.0268458
0.0281752
0.0258192
0.0249448
0.0239848
0.0240303
0.0243046
0.0231794
0.0229189
0.0228307
0.0225896
0.0237277
0.0218185
0.0230225
0.0224529
0.0236981
0.0254818
0.0244642
0.0249214
0.0238193
0.0254017
0.0251887
0.0240357
0.0246109
0.0238023
0.0243339
0.024146
0.0263531
0.027054
0.0252312
0.0233935
0.0234904
0.0222159
0.022834
